$ANSIBLE_VAULT;1.1;AES256
30663035323737393937633639666230393766616433653861383366343039333366336338363833
3565363037383939343239616233313236306338303838360a616237343737633762616134303365
39333833353230333363383036643335303866303161363832626161656436363338363139396138
6162376633656666640a356161393537373762663832383562383732323631323933346234633534
36633735363031303238633965373435663831633162376665363534653862383364383561363732
31393734326163366337313463376531336165336238333336303463656535623836366132323032
34346636616636373039393563356661376161346537656365353735656230353839396565356134
31363138386234626437353037643034613464373433386639373266306639653839396162646536
62613434623039306335633739386636653236393363633330383264393164393666323364353231
37306633653337396161346231353036356335353934656264626531663839646638363131316166
36353239316665346535353361643731666265343830396432663465393831313032633863303835
39373335323434336538326563636262323637316662623463313666353266613034376138623761
66306139343637666663313035333035373364363430376634626464313038303737323666313866
31393535663239633931626465623466396433643963306463396131666139353536313430343639
34653035323932303533646366653134313563393662373234353438373835613032663632303963
63366132366334626231363735383530323566343736363361323061336532346463306261623363
35643266633232653635616162633232343565396434623866343661663036323535353162633038
36343963356130656361346639633862633561346563616130633263316464356230396536313734
31336639353436393631623034383730616533626231353434623163623830323232653361396439
39646437613931656231376363353166616264326331333732643261623933656234353237313731
37643234323261323434663231613233666137336566326266363566636264306262336664626361
32636331303863356138346161316265653136353439653766363933383263386434383836643338
37643961306531346439346263646338626562313430616566316134346161666465343166623739
65353164326262346136626238663237633262386232366464396635663062363464633134643162
32663964343737333666323466666330383737393934643466663236373566643862663362306661
61653562646635346261343865313730363766646631353863323832393837616466616163333735
37323632316163323731333665383036313839323333633864646363343336313939303230336332
38646262323261376636353364323564353265623433373462633761653037323333613432616534
65336666323765376166653331313265363035666236643035373537633937306635316535383761
37353366356261396235666631613662306365383563643764396665666231343735623965333261
39366230626633663735633261663832646537353764663033333365636465653232303063613232
31333062613665636139383566383737616331393765373038623366306532346162363738396163
66663130633566363165313337306664656366636261346463626634636235656366653166613137
31643063653233376235636236396230373730373763623963396636383332363834383066383038
62393231653762616431623566366331356637663465373463303530613639633237653836306535
39353133313739646666386238636437323666626339373938343431336662396439393033303430
36303337356339333135656236303666313432363161613138633433366563613136316364616164
39626338363431356235353930396162666531663138636538333839323432656261356261386163
32636636616262316636303364666564306535306163363536323566313362393165356238383833
36636261333332313336623631643731353466333863623831363337633433303565333233636435
61306538383234323230346638383137353436336337643433363132666436663262653231333636
31663336303239396535376466643638373836376232643363653932613835633833333834306237
39646466353432643966613533616135623230316535383564376464656635323265666134366239
36383464643161343035353963353932383031313664343531366162643134373938353935303366
63643962323761666437336335303030353934663762313134613335333761663430303565616534
38323632336561616539393532316164363363656639323237643062636561383663396565393466
37386235363730666130643266653966663737303566396631633232353435626433323534643630
64363335366337333863373130323336613863303263623962373366363161346139643663393864
39366130353435666335353361316463306433643563313939346565633237653930653137623932
38353738353731306633356364663032653063333562373738316130333532623266343762316663
32616261343566363965653935396634623733656533386166613964333138643232343934643334
33316264313866376536373934643866653262623435396634346336666139353663333864653438
62613962323434666164353361366632663662333935333939383666366337636164396134373438
35626261613638333363356239383932366636393737616539633636613132323936656130613431
61383431613739383336383666633262633437383032313966356361316336356363383537623365
37393163633835356535326166386338663932356466356163393832333630393234653565346664
62373334623732383361393961663039623032323030333138333535333733663764363636316661
39316439636566376233393231366332613235353438393335336561316639353131366435666364
39663061623439393130666335376635316439623866313861313232616365303932653336303334
65373039346632393731646637643833333732396137336434346665393361373938396335316564
66383462643762383534333263616566633462356366613636303462316339363263613361613465
36643132386639613163666561643462373431323030643033373331623638643065643539613632
37303139333039613839623531356265323236336638633338326232383939366633396139373261
31643037363666313533316631656630326363363633383962353635333730316434653832663534
30366135346132383735623364383530373561346564623933636263636161303539363231653931
65313364373465383665636337353439653837636235376164356236353765323330363437663434
38353066376535396264383631323933343661316139303766356237663763386465363361376534
36333536346265653734393238613661393162393638346362626235343931653731376266643965
63306232636236366436626339633230663564373539393766386561666333363162623362383535
66623665303833326632333439376634613131323063306364323738663732326135666334643865
39356536386438363139643435363731363932326237353235326138383237616235303338346633
64323035643234373532386635303632656130663530643362666536383931656335303335663764
32333333666262663633353365303866303630303035336263613761643435306163663338613561
30393031623662623664323237633362633237666261326366616563336564623736386336373237
63333835313231353134366135393862633566316633623062353735386335386336353465346632
65663035393864366266616231313431616231653965643364386430373039343139323933356332
34353834643032323031623465623936376133343633343464646431373232336531373635396133
64666164323461613130386531663561646536306534356162663231383538333631323462623632
61353936623836336536313462646431383636326565393963613338326631303138323832386639
33323861373634336430656235313630333764653234656464623131616363396263363665613532
37633931333531356134346565656436666430663162636566306336633938356536343534323633
65663430376633353862326637373032333166626231646638313636323935346533646331356135
32373466633135366564376236323365633935373631626662316366343139663430396536333635
33383531363639353439626635373032636338656434336364613735383961393562356361663835
64306335303934393638666236643230386635346531303636653938343734313635343064303536
31393839353365353535353661363665643036396135653933383231646238323462623730636530
33666439613362333936393832626264633435656330303965633632356463313064356465396339
61626166626231333261393766613933353530363864363530386238616165346666383539613037
30383139323433363332373838306232633039333935366138353038643032623962366337333939
37623065626264396362373637613432633736316435613034346533363433353536626262326332
63653461666630373033363936366661333738366639386662373933383663396632373464336164
35353765643466306164306366356431333934623638333730656462643861353335306631316133
37656636623362643663386438303534613739303531646263633734623034366565353961666663
64396132323936643231643832633135353165393161316436306636376161663062373638373936
62383832363630356261616562633866333963373434613462326365323133313330303436376564
66663532396334383965646535373438636139646535663534383765653233623731383962396130
34306339313661303739303435333265303132333833376666366339656630353337613838323032
63316233616131353635316335663535383436613437616437306433613763636130616162303865
30383936376236393237643936323530303937656638343066396330653137653661343639323965
34303830666530346362383161376138383233393432663034326539383462356464373533643261
36326337313766396566383732343562656437366364633132303533353234333764383539663638
64626238353562396437643864343261396439616134653664623035303732303233356464646338
63323732353035666530323330633634633365333764326564393633633630656164613764383833
32616536393836663734626230613833646663653264346132383334343866663662663937653633
65313636656635333632366166383836323862363133633235313562363064353433396433333162
30626165303737383662646562313839373337383732616232336638383763656333333239336634
66396432323533646265633131626238386134343137313734623334363362383362373037616636
61653633636339333730316635643762383537636533613561386635383264396332373261653536
61663234326266386533653436326266666537643430313766653833323530613635393831356461
66313730366433396139333534383835353364376637653063623330643365393266333735303932
39323634656162383635343663666334343237343831623763643863336530613533316238623562
30616666373232316465616632636433366162343735626230366338633761313862613132643563
36303734363766396130343537616238663533646431656432313536383964313433393134326563
66323362363963646165666461613262353334313837623631366238353430366266316533396534
38336233323433373266303631386366623161386665336539303736363566366332656361643462
32623262653566373333663063313430363539386338646135303961343762646465373763376165
62666137376663666538623833363834666366646335356234396464323632306331633865386432
30353863336331376234333334623232333337663334616162623635343530616339626362653266
31653033353939383730633832373036386566333435623839313563393039303833356663373839
62633662353931643130396161393237373030366234646438383134316463643331383632383565
31393031306635636235373433656136353661666362623966303638646131373031373364656138
62396234633533633230646265313262383266306338366434653133333934376639343639353937
64353036316161633839613666313364393234396439376566663733643130333165333063656634
63343764646636313735326630633165336132333863613938303436373465653266306135373638
36383663363731626236306532343331643236336130643732303832343564343633383062656634
61306363346133306564343162336463313831626161353861653666636232333864363038643161
64656136366335623535663834663065333163663035343531356661656561393039653764383338
35373031376462633564346464363363346536346636313561356165363838383137363737363332
62633539353431666162366439636637656466333963383966393037353632636635306137356463
30623438323837373763396436333933393766363165633536303130376365636230643338363162
38363839353236393730376235613930396135633633353262646362646534343361653763336433
31323661316532316532353564353963366530336538623332323333333865363736653834633362
30613963356538643466316362613365323132626236303532363965333862323238323161396463
6631383635383432333533363937663735333561663166646266
